"","ID","geneSymbol","aaPos","refAA","varAA","aaChange","SPID","FTID","dsSNP","diseaseName","prob","probSD","probGene","probGeneSD","SNR","pval_prob","qval_prob","pval_MutSig","qval_MutSig","protLength","uniquePosNdMAF","uniquePosNdMAFtumor","uniquePosNExactMatch","uniquePosNExactMatchtumor","pval_FET","qval_FET","casesN"
"91",91,"ABCA12","1651","G","S","G1651S","Q86UK0","VAR_019602","rs28940568","Ichthyosis, congenital, autosomal recessive 4A (ARCI4A) [MIM:601277]       ",0.0714285714285714,0.0713606140331933,0.0714285714285714,0.0706072832622398,1.01163177689873,0.0267986600669966,0.0481669464913851,0.9495516,1,2595,264,14,3,1,3.8899678537487e-21,2.13948231956179e-20,14
"133",133,"ABCA1","587","R","W","R587W","O95477","VAR_009146","rs2853574","High density lipoprotein deficiency 1 (HDLD1) [MIM:205400]       ",0.142857142857143,0.126643150099241,0.142857142857143,0.130605718757409,1.09380465278469,0.0138493075346233,0.0481669464913851,0.9999942,1,2261,190,7,5,1,1.1601950358163e-10,3.03860604618555e-10,7
"239",239,"ABCA4","572","R","Q","R572Q","P78363","VAR_008417","-","Stargardt disease 1 (STGD1) [MIM:248200]         ",0.0714285714285714,0.0673113023471435,0.0714285714285714,0.0692111113408467,1.03203907645413,0.0260986950652467,0.0481669464913851,0.8920968,1,2273,238,14,13,1,1.54809988665101e-20,7.74049943325507e-20,14
"2101",2101,"ADA","211","R","H","R211H","P00813","VAR_002232","rs121908716","Severe combined immunodeficiency autosomal recessive T-cell-negative/B-cell-negative/NK-cell-negative due to adenosine deaminase deficiency (ADASCID) [MIM:102700] ",0.5,0.358598093403454,0.5,0.357499028747709,1.39860519831749,0.0244487775611219,0.0481669464913851,0.7831239,1,363,26,2,1,1,0.0769230769230769,0.0846153846153846,2
"2857",2857,"AKT1","17","E","K","E17K","P31749","VAR_055422","rs121434592","Breast cancer (BC) [MIM:114480]          ",0.5,0.363267068371141,0.5,0.357215064915525,1.39971700274803,0.0195990200489976,0.0481669464913851,0.5398715,1,480,42,2,1,1,0.0476190476190476,0.0545634920634921,2
"2858",2858,"AKT1","17","E","K","E17K","P31749","VAR_055422","rs121434592","Proteus syndrome (PROTEUSS) [MIM:176920]          ",0.5,0.363267068371141,0.5,0.357215064915525,1.39971700274803,0.0195990200489976,0.0481669464913851,0.5398715,1,480,42,2,1,1,0.0476190476190476,0.0545634920634921,2
"2892",2892,"ALAS2","375","R","C","R375C","P22557","VAR_066238","-","Anemia, sideroblastic, X-linked (XLSA) [MIM:300751]         ",0.5,0.356232932085036,0.5,0.35548575234476,1.40652613136260,0.016099195040248,0.0481669464913851,0.5733263,1,587,14,2,4,1,0.142857142857143,0.15406162464986,2
"9324",9324,"CASP8","248","R","W","R248W","Q14790","VAR_014204","rs17860424","Caspase-8 deficiency (CASP8D) [MIM:607271]          ",0.0303030303030303,0.0293407281014768,0.0303030303030303,0.0295345889255126,1.02601835358046,0.238338083095845,0.242751751301324,0,0,479,106,25,1,1,6.43252294457934e-23,3.93098624390959e-22,33
"10847",10847,"CDKN2A","48","P","L","P48L","P42771","VAR_001420","-","Melanoma, cutaneous malignant 2 (CMM2) [MIM:155601]        ",0.0169491525423729,0.0160193549739516,0.0677966101694915,0.0341291026669609,1.98647502781030,0.774511274436278,0.774511274436278,0,0,156,81,28,9,4,8.88097061359419e-17,3.48895274105486e-16,58
"10850",10850,"CDKN2A","50","Q","R","Q50R","P42771","VAR_001423","-","Melanoma, cutaneous malignant 2 (CMM2) [MIM:155601]        ",0.0169491525423729,0.0169828392268268,0.0677966101694915,0.0341291026669609,1.98647502781030,0.774511274436278,0.774511274436278,0,0,156,81,28,9,4,8.88097061359419e-17,3.48895274105486e-16,58
"10875",10875,"CDKN2A","84","D","Y","D84Y","P42771","VAR_001449","rs11552822","Melanoma, cutaneous malignant 2 (CMM2) [MIM:155601]        ",0.0169491525423729,0.0164844857631790,0.0677966101694915,0.0341291026669609,1.98647502781030,0.774511274436278,0.774511274436278,0,0,156,81,28,9,4,8.88097061359419e-17,3.48895274105486e-16,58
"10877",10877,"CDKN2A","87","R","P","R87P","P42771","VAR_001451","-","Melanoma, cutaneous malignant 2 (CMM2) [MIM:155601]        ",0.0169491525423729,0.0161685499673453,0.0677966101694915,0.0341291026669609,1.98647502781030,0.774511274436278,0.774511274436278,0,0,156,81,28,9,4,8.88097061359419e-17,3.48895274105486e-16,58
"11397",11397,"CFI","418","H","L","H418L","P05156","VAR_026757","-","Complement factor I deficiency (CFI deficiency) [MIM:610984]       ",0.2,0.186120070601428,0.2,0.183787316694536,1.08821437516502,0.0383980800959952,0.050283200125708,0.2120595,1,583,84,5,2,1,2.59134356499426e-06,4.59754503466724e-06,5
"12076",12076,"CHST6","274","E","K","E274K","Q9GZX3","VAR_021467","-","Macular dystrophy, corneal, 1 (MCDC1) [MIM:217800]        ",0.166666666666667,0.148905471713342,0.166666666666667,0.153010787822555,1.08924781734964,0.0670966451677416,0.0709676054658805,1,1,395,53,6,1,1,2.09082181493788e-06,3.83317332738611e-06,6
"13337",13337,"COL2A1","1439","T","M","T1439M","P02458","VAR_017105","-","Spondyloepiphyseal dysplasia congenital type (SEDC) [MIM:183900]        ",0.2,0.183061605891436,0.2,0.186731434495182,1.07105694625379,0.0144492775361232,0.0481669464913851,0.8816356,1,1487,134,5,3,1,3.89385324892602e-07,7.6486403103904e-07,4
"13517",13517,"COL4A1","805","G","R","G805R","P02462","VAR_064498","-","Brain small vessel disease with hemorrhage (BSVDH) [MIM:607595]      ",0.166666666666667,0.156132207295753,0.166666666666667,0.149806162526030,1.11254880210757,0.0152492375381231,0.0481669464913851,0.9993467,1,1669,231,6,1,1,1.14339554037561e-09,2.85848885093903e-09,6
"16654",16654,"DHODH","346","R","W","R346W","Q02127","VAR_062420","-","Postaxial acrofacial dysostosis (POADS) [MIM:263750]         ",0.25,0.212518031973557,0.25,0.217465034065344,1.14961010203084,0.0451477426128694,0.0528324647597407,0.999932,1,395,26,4,1,1,0.00153846153846154,0.00235042735042735,4
"17291",17291,"DNMT3B","840","R","Q","R840Q","Q9UBC3","VAR_022581","rs121908946","Immunodeficiency-centromeric instability-facial anomalies syndrome 1 (ICF1) [MIM:242860]       ",0.166666666666667,0.157544749598023,0.166666666666667,0.150530057420689,1.10719858560128,0.0325483725813709,0.0490280364030579,0.3938598,1,853,101,6,2,1,7.57492117821082e-08,1.60238717231383e-07,6
"17747",17747,"DYNC2H1","330","R","C","R330C","Q8NCM8","VAR_069591","-","Short-rib thoracic dysplasia 3 with or without polydactyly (SRTD3) [MIM:613091]    ",0.0625,0.0615490404322287,0.0625,0.0561835401513106,1.11242545114954,0.0172491375431228,0.0481669464913851,0.8745206,1,4307,306,16,3,1,1.53543696410071e-24,1.2064147575077e-23,16
"19973",19973,"F7","266","A","T","A266T","P08709","VAR_015140","-","Factor VII deficiency (FA7D) [MIM:227500]         ",0.333333333333333,0.276824992587312,0.333333333333333,0.268991988771704,1.23919427807285,0.0263986800659967,0.0481669464913851,0.9983047,1,466,35,3,3,1,0.00504201680672269,0.00644909126441274,3
"20297",20297,"F8","365","Y","C","Y365C","P00451","VAR_028521","-","Hemophilia A (HEMA) [MIM:306700]          ",0.142857142857143,0.131072251209315,0.142857142857143,0.125802443641826,1.13556731269762,0.0133993300334983,0.0481669464913851,0.9942743,1,2351,324,7,27,1,4.56437626585517e-12,1.32126681380018e-11,7
"21342",21342,"FBN1","129","C","Y","C129Y","P35555","VAR_002278","-","Marfan syndrome (MFS) [MIM:154700]          ",0.090909090909091,0.0851276072695386,0.090909090909091,0.0876188649506904,1.03755157020411,0.0171491425428729,0.0481669464913851,0.9079383,1,2871,411,11,17,1,3.24084781685022e-19,1.48538858272302e-18,11
"22222",22222,"FGFR3","249","S","C","S249C","P22607","VAR_004149","-","Bladder cancer (BLC) [MIM:109800]          ",0.142857142857143,0.129251660360677,0.142857142857143,0.135281471705444,1.05599932537838,0.0364981750912454,0.0490280364030579,0.8116532,1,806,93,7,8,1,9.18339320722041e-09,2.02034650558849e-08,6
"22223",22223,"FGFR3","249","S","C","S249C","P22607","VAR_004149","-","Cervical cancer (CERCA) [MIM:603956]          ",0.142857142857143,0.129251660360677,0.142857142857143,0.135281471705444,1.05599932537838,0.0364981750912454,0.0490280364030579,0.8116532,1,806,93,7,8,1,9.18339320722041e-09,2.02034650558849e-08,6
"22224",22224,"FGFR3","249","S","C","S249C","P22607","VAR_004149","-","Keratosis, seborrheic (KERSEB) [MIM:182000]          ",0.142857142857143,0.129251660360677,0.142857142857143,0.135281471705444,1.05599932537838,0.0364981750912454,0.0490280364030579,0.8116532,1,806,93,7,8,1,9.18339320722041e-09,2.02034650558849e-08,6
"22225",22225,"FGFR3","249","S","C","S249C","P22607","VAR_004149","-","Thanatophoric dysplasia 1 (TD1) [MIM:187600]         ",0.142857142857143,0.129251660360677,0.142857142857143,0.135281471705444,1.05599932537838,0.0364981750912454,0.0490280364030579,0.8116532,1,806,93,7,8,1,9.18339320722041e-09,2.02034650558849e-08,6
"23460",23460,"GAA","237","A","V","A237V","P10253","VAR_029027","-","Glycogen storage disease 2 (GSD2) [MIM:232300]        ",0.333333333333333,0.260683418601227,0.333333333333333,0.278302807122840,1.19773615214094,0.0146492675366232,0.0481669464913851,0.9681512,1,952,56,3,5,1,0.00194805194805195,0.00274725274725275,3
"25526",25526,"GLB1","149","S","F","S149F","P16278","VAR_062347","-","Mucopolysaccharidosis 4B (MPS4B) [MIM:253010]          ",0.25,0.209997706026843,0.5,0.246090045126393,2.03177661958328,0.0007999600019999,0.0109994500274986,0.5163831,1,677,47,4,6,2,0.00555041628122109,0.00693802035152636,3
"25545",25545,"GLB1","441","D","N","D441N","P16278","VAR_062366","-","GM1-gangliosidosis 1 (GM1G1) [MIM:230500]          ",0.25,0.217331936610041,0.5,0.246090045126393,2.03177661958328,0.0007999600019999,0.0109994500274986,0.5163831,1,677,47,4,6,2,0.00555041628122109,0.00693802035152636,3
"29826",29826,"HPRT1","48","R","H","R48H","P00492","VAR_006761","-","Gout HPRT-related (GOUT-HPRT) [MIM:300323]          ",1,0,1,0,Inf,0.0222488875556222,0.0481669464913851,0.3597162,1,218,14,1,4,1,1,1,1
"29899",29899,"HRAS","12","G","S","G12S","P01112","VAR_006837","-","Congenital myopathy with excess of muscle spindles (CMEMS) [MIM:218040]     ",0.473684210526316,0.112653174962990,0.789473684210526,0.0953755492112843,8.27752700497289,0.00154992250387481,0.0170491475426229,0,0,189,22,4,2,2,0.0259740259740260,0.031055900621118,18
"29900",29900,"HRAS","12","G","S","G12S","P01112","VAR_006837","-","Faciocutaneoskeletal syndrome (FCSS) [MIM:218040]          ",0.473684210526316,0.112653174962990,0.789473684210526,0.0953755492112843,8.27752700497289,0.00154992250387481,0.0170491475426229,0,0,189,22,4,2,2,0.0259740259740260,0.031055900621118,18
"29902",29902,"HRAS","12","G","A","G12A","P01112","VAR_026106","-","Faciocutaneoskeletal syndrome (FCSS) [MIM:218040]          ",0.473684210526316,0.112653174962990,0.789473684210526,0.0953755492112843,8.27752700497289,0.00154992250387481,0.0170491475426229,0,0,189,22,4,2,2,0.0259740259740260,0.031055900621118,18
"29903",29903,"HRAS","13","G","C","G13C","P01112","VAR_026107","-","Faciocutaneoskeletal syndrome (FCSS) [MIM:218040]          ",0.315789473684211,0.106328260828678,0.789473684210526,0.0953755492112843,8.27752700497289,0.00154992250387481,0.0170491475426229,0,0,189,22,4,2,2,0.0259740259740260,0.031055900621118,18
"29904",29904,"HRAS","13","G","D","G13D","P01112","VAR_026108","-","Faciocutaneoskeletal syndrome (FCSS) [MIM:218040]          ",0.315789473684211,0.106328260828678,0.789473684210526,0.0953755492112843,8.27752700497289,0.00154992250387481,0.0170491475426229,0,0,189,22,4,2,2,0.0259740259740260,0.031055900621118,18
"29905",29905,"HRAS","12","G","C","G12C","P01112","VAR_045975","-","Faciocutaneoskeletal syndrome (FCSS) [MIM:218040]          ",0.473684210526316,0.112653174962990,0.789473684210526,0.0953755492112843,8.27752700497289,0.00154992250387481,0.0170491475426229,0,0,189,22,4,2,2,0.0259740259740260,0.031055900621118,18
"29914",29914,"HRAS","12","G","D","G12D","P01112","VAR_068816","-","Faciocutaneoskeletal syndrome (FCSS) [MIM:218040]          ",0.473684210526316,0.112653174962990,0.789473684210526,0.0953755492112843,8.27752700497289,0.00154992250387481,0.0170491475426229,0,0,189,22,4,2,2,0.0259740259740260,0.031055900621118,18
"29915",29915,"HRAS","13","G","R","G13R","P01112","VAR_068817","-","Schimmelpenning-Feuerstein-Mims syndrome (SFM) [MIM:163200]          ",0.315789473684211,0.106328260828678,0.789473684210526,0.0953755492112843,8.27752700497289,0.00154992250387481,0.0170491475426229,0,0,189,22,4,2,2,0.0259740259740260,0.031055900621118,18
"30695",30695,"IFT140","664","E","K","E664K","Q96RY7","VAR_068529","-","Short-rib thoracic dysplasia 9 with or without polydactyly (SRTD9) [MIM:266920]    ",0.4,0.213460547655545,0.4,0.221060416419828,1.80946008551951,0.00194990250487476,0.0178741062946853,0.9999989,1,1462,109,4,3,1,1.90536073242066e-05,3.17560122070111e-05,5
"33418",33418,"KIT","812","G","V","G812V","P10721","VAR_004108","-","Piebald trait (PBT) [MIM:172800]          ",0.166666666666667,0.146952034541927,0.166666666666667,0.154428114302194,1.07925080494426,0.0299485025748713,0.0490280364030579,0.7703729,1,976,155,6,2,1,8.58950449648109e-09,1.96842811377692e-08,5
"33537",33537,"KLHL3","362","R","W","R362W","Q9UH77","VAR_067511","rs200892557","Pseudohypoaldosteronism 2D (PHA2D) [MIM:614495]          ",0.333333333333333,0.268250219762491,0.333333333333333,0.269862193315698,1.23519834044847,0.0210489475526224,0.0481669464913851,0.9999413,1,587,40,3,1,1,0.00384615384615385,0.00528846153846154,3
"33686",33686,"KMT2D","5214","R","H","R5214H","O14686","VAR_063832","-","Kabuki syndrome 1 (KABUK1) [MIM:147920]         ",0.0149253731343284,0.0143644232467469,0.0149253731343284,0.0148563011119171,1.00464934184431,0.0533973301334933,0.0587370631468427,NA,NA,5537,531,66,4,1,2.39506443120107e-83,6.58642718580293e-82,62
"35965",35965,"LRRK2","2143","R","H","R2143H","Q5S007","VAR_054748","-","Parkinson disease 8 (PARK8) [MIM:607060]         ",0.0370370370370370,0.0344762397554943,0.0370370370370370,0.0362408584276457,1.02196908803860,0.0498975051247438,0.0560074037114471,0.603281,1,2527,392,27,4,1,9.54294389530078e-40,1.04972382848309e-38,24
"36415",36415,"MAP2K2","57","F","V","F57V","P36507","VAR_069781","-","Cardiofaciocutaneous syndrome 4 (CFC4) [MIM:615280]         ",0.333333333333333,0.271535261181180,0.333333333333333,0.269602623250131,1.23638757410782,0.031898405079746,0.0490280364030579,0.4212083,1,400,36,3,1,1,0.00476190476190476,0.00638792102206737,3
"36732",36732,"MAT1A","264","R","H","R264H","Q00266","VAR_006937","-","Methionine adenosyltransferase deficiency (MATD) [MIM:250850]         ",0.333333333333333,0.281995013882376,0.333333333333333,0.271328741479076,1.22852201914274,0.0340482975851207,0.0490280364030579,0.861639,1,395,35,3,1,1,0.00504201680672269,0.00644909126441274,3
"37187",37187,"MED12","961","R","W","R961W","Q93074","VAR_033112","-","Opitz-Kaveggia syndrome (OKS) [MIM:305450]          ",0.0588235294117647,0.0563465720506279,0.0588235294117647,0.0581423195120867,1.01171624911759,0.0353982300884956,0.0490280364030579,0.1046459,1,2177,210,17,1,1,4.46754945784838e-23,3.07144025227076e-22,15
"41099",41099,"NCF2","102","R","P","R102P","P19878","VAR_065009","rs137854515","Granulomatous disease, chronic, cytochrome-b-positive 2, autosomal recessive (CGD2) [MIM:233710]     ",0.2,0.178174931756143,0.2,0.177946354008462,1.12393423913866,0.0451477426128694,0.0528324647597407,0.3019014,1,526,65,5,2,1,7.38508803024933e-06,1.26931200519910e-05,5
"42396",42396,"NOTCH3","183","C","S","C183S","Q9UM47","VAR_044269","-","Cerebral arteriopathy with subcortical infarcts and leukoencephalopathy, autosomal dominant (CADASIL) [MIM:125310]   ",0.0555555555555556,0.0530697337807261,0.0555555555555556,0.0551739759706924,1.00691593415464,0.0347482625868707,0.0490280364030579,0.1353264,1,2321,242,18,6,1,3.39852207973658e-25,3.11531190642519e-24,17
"43076",43076,"NSD1","1984","R","Q","R1984Q","Q96L73","VAR_015787","-","Sotos syndrome 1 (SOTOS1) [MIM:117550]         ",0.0444444444444444,0.0321008110022983,0.0666666666666667,0.036993795244143,1.80210400762332,0.000249987500624969,0.00458310417812443,1.185154e-10,1.596741e-07,2696,296,43,3,2,2.62563204282586e-48,4.81365874518075e-47,40
"43077",43077,"NSD1","1997","Y","C","Y1997C","Q96L73","VAR_015788","-","Sotos syndrome 1 (SOTOS1) [MIM:117550]         ",0.0222222222222222,0.0221384138688364,0.0666666666666667,0.036993795244143,1.80210400762332,0.000249987500624969,0.00458310417812443,1.185154e-10,1.596741e-07,2696,296,43,3,2,2.62563204282586e-48,4.81365874518075e-47,40
"45588",45588,"PARK2","240","T","M","T240M","O60260","VAR_019747","-","Parkinson disease 2 (PARK2) [MIM:600116]         ",0.25,0.213260210581856,0.25,0.208235712864321,1.20056255750372,0.0393980300984951,0.0503724813759312,0.8304656,1,465,71,4,4,1,6.9985128160266e-05,0.000113211236729842,3
"45793",45793,"PAX6","119","S","R","S119R","P26367","VAR_008704","-","Aniridia (AN) [MIM:106210]           ",0.5,0.357918783882400,0.5,0.349408194074046,1.4309910542454,0.0224988750562472,0.0481669464913851,0.6976794,1,422,48,2,1,1,0.0416666666666667,0.0487588652482270,2
"47062",47062,"PIK3CA","88","R","Q","R88Q","P42336","VAR_026167","-","Megalencephaly-capillary malformation-polymicrogyria syndrome (MCAP) [MIM:602501]         ",0.0135135135135135,0.0133581346712346,0.756756756756757,0.0488736522667854,15.4839411760322,0,0,0,0,1068,139,24,14,7,1.26424786505814e-16,4.63557550521316e-16,73
"47068",47068,"PIK3CA","542","E","K","E542K","P42336","VAR_026173","-","Congenital lipomatous overgrowth, vascular malformations, and epidermal nevi (CLOVE) [MIM:612918]    ",0.202702702702703,0.0450323494811206,0.756756756756757,0.0488736522667854,15.4839411760322,0,0,0,0,1068,139,24,14,7,1.26424786505814e-16,4.63557550521316e-16,73
"47069",47069,"PIK3CA","542","E","K","E542K","P42336","VAR_026173","-","Keratosis, seborrheic (KERSEB) [MIM:182000]          ",0.202702702702703,0.0450323494811206,0.756756756756757,0.0488736522667854,15.4839411760322,0,0,0,0,1068,139,24,14,7,1.26424786505814e-16,4.63557550521316e-16,73
"47073",47073,"PIK3CA","545","E","G","E545G","P42336","VAR_026177","-","Keratosis, seborrheic (KERSEB) [MIM:182000]          ",0.310810810810811,0.0540177285078926,0.756756756756757,0.0488736522667854,15.4839411760322,0,0,0,0,1068,139,24,14,7,1.26424786505814e-16,4.63557550521316e-16,73
"47074",47074,"PIK3CA","545","E","K","E545K","P42336","VAR_026178","-","Keratosis, seborrheic (KERSEB) [MIM:182000]          ",0.310810810810811,0.0540177285078926,0.756756756756757,0.0488736522667854,15.4839411760322,0,0,0,0,1068,139,24,14,7,1.26424786505814e-16,4.63557550521316e-16,73
"47075",47075,"PIK3CA","545","E","K","E545K","P42336","VAR_026178","-","Megalencephaly-capillary malformation-polymicrogyria syndrome (MCAP) [MIM:602501]         ",0.310810810810811,0.0540177285078926,0.756756756756757,0.0488736522667854,15.4839411760322,0,0,0,0,1068,139,24,14,7,1.26424786505814e-16,4.63557550521316e-16,73
"47087",47087,"PIK3CA","1043","M","I","M1043I","P42336","VAR_026190","-","Megalencephaly-capillary malformation-polymicrogyria syndrome (MCAP) [MIM:602501]         ",0.0270270270270270,0.0187381017213620,0.756756756756757,0.0488736522667854,15.4839411760322,0,0,0,0,1068,139,24,14,7,1.26424786505814e-16,4.63557550521316e-16,73
"47089",47089,"PIK3CA","1047","H","R","H1047R","P42336","VAR_026192","-","Congenital lipomatous overgrowth, vascular malformations, and epidermal nevi (CLOVE) [MIM:612918]    ",0.175675675675676,0.0441951288982162,0.756756756756757,0.0488736522667854,15.4839411760322,0,0,0,0,1068,139,24,14,7,1.26424786505814e-16,4.63557550521316e-16,73
"47090",47090,"PIK3CA","1047","H","R","H1047R","P42336","VAR_026192","-","Keratosis, seborrheic (KERSEB) [MIM:182000]          ",0.175675675675676,0.0441951288982162,0.756756756756757,0.0488736522667854,15.4839411760322,0,0,0,0,1068,139,24,14,7,1.26424786505814e-16,4.63557550521316e-16,73
"47091",47091,"PIK3CA","1047","H","Y","H1047Y","P42336","VAR_026193","-","Megalencephaly-capillary malformation-polymicrogyria syndrome (MCAP) [MIM:602501]         ",0.175675675675676,0.0441951288982162,0.756756756756757,0.0488736522667854,15.4839411760322,0,0,0,0,1068,139,24,14,7,1.26424786505814e-16,4.63557550521316e-16,73
"47100",47100,"PIK3CA","365","E","K","E365K","P42336","VAR_069253","-","Megalencephaly-capillary malformation-polymicrogyria syndrome (MCAP) [MIM:602501]         ",0.0135135135135135,0.0133227272969988,0.756756756756757,0.0488736522667854,15.4839411760322,0,0,0,0,1068,139,24,14,7,1.26424786505814e-16,4.63557550521316e-16,73
"47102",47102,"PIK3CA","726","E","K","E726K","P42336","VAR_069256","-","Megalencephaly-capillary malformation-polymicrogyria syndrome (MCAP) [MIM:602501]         ",0.0135135135135135,0.0134195186247497,0.756756756756757,0.0488736522667854,15.4839411760322,0,0,0,0,1068,139,24,14,7,1.26424786505814e-16,4.63557550521316e-16,73
"49444",49444,"PRF1","225","R","W","R225W","P14222","VAR_010745","rs28933973","Familial hemophagocytic lymphohistiocytosis 2 (FHL2) [MIM:603553]        ",0.333333333333333,0.275470093951322,0.333333333333333,0.278425870582915,1.19720675609441,0.0215989200539973,0.0481669464913851,0.6362382,1,555,58,3,2,1,0.00181488203266788,0.0026268029420193,3
"50572",50572,"PTEN","246","P","L","P246L","P60484","VAR_008740","-","Bannayan-Riley-Ruvalcaba syndrome (BRRS) [MIM:153480]          ",0.111111111111111,0.104435132116913,0.222222222222222,0.133865397455780,1.66004229954667,0.0106994650267487,0.0481669464913851,0.007806366,1,403,242,9,17,2,4.07431103281607e-12,1.24492837113824e-11,9
"50573",50573,"PTEN","246","P","L","P246L","P60484","VAR_008740","-","Cowden syndrome 1 (CWS1) [MIM:158350]         ",0.111111111111111,0.104435132116913,0.222222222222222,0.133865397455780,1.66004229954667,0.0106994650267487,0.0481669464913851,0.007806366,1,403,242,9,17,2,4.07431103281607e-12,1.24492837113824e-11,9
"50595",50595,"PTEN","93","H","Y","H93Y","P60484","VAR_026255","-","Cowden syndrome 1 (CWS1) [MIM:158350]         ",0.111111111111111,0.108500017212979,0.222222222222222,0.133865397455780,1.66004229954667,0.0106994650267487,0.0481669464913851,0.007806366,1,403,242,9,17,2,4.07431103281607e-12,1.24492837113824e-11,9
"50621",50621,"PTEN","93","H","R","H93R","P60484","VAR_032634","-","Macrocephaly/autism syndrome (MCEPHAS) [MIM:605309]          ",0.111111111111111,0.108500017212979,0.222222222222222,0.133865397455780,1.66004229954667,0.0106994650267487,0.0481669464913851,0.007806366,1,403,242,9,17,2,4.07431103281607e-12,1.24492837113824e-11,9
"51310",51310,"RAF1","613","L","V","L613V","P04049","VAR_037821","-","LEOPARD syndrome 2 (LEOPARD2) [MIM:611554]         ",0.333333333333333,0.273656920856306,0.333333333333333,0.275369944591203,1.21049279298865,0.0215989200539973,0.0481669464913851,0.8316691,1,648,58,3,4,1,0.00181488203266788,0.0026268029420193,3
"51311",51311,"RAF1","613","L","V","L613V","P04049","VAR_037821","-","Noonan syndrome 5 (NS5) [MIM:611553]         ",0.333333333333333,0.273656920856306,0.333333333333333,0.275369944591203,1.21049279298865,0.0215989200539973,0.0481669464913851,0.8316691,1,648,58,3,4,1,0.00181488203266788,0.0026268029420193,3
"51319",51319,"RAG1","396","R","C","R396C","P15918","VAR_008886","rs104894289","Omenn syndrome (OS) [MIM:603554]          ",0.166666666666667,0.158711637343557,0.166666666666667,0.150415211487928,1.1080439605674,0.0266486675666217,0.0481669464913851,0.4688403,1,1043,156,6,5,1,8.31419986518357e-09,1.96842811377692e-08,5
"51320",51320,"RAG1","396","R","H","R396H","P15918","VAR_008887","rs104894291","Omenn syndrome (OS) [MIM:603554]          ",0.166666666666667,0.158711637343557,0.166666666666667,0.150415211487928,1.1080439605674,0.0266486675666217,0.0481669464913851,0.4688403,1,1043,156,6,5,1,8.31419986518357e-09,1.96842811377692e-08,5
"51685",51685,"RDH12","49","T","M","T49M","Q96NR8","VAR_020858","rs28940314","Leber congenital amaurosis 13 (LCA13) [MIM:612712]        ",0.333333333333333,0.279804617469567,0.333333333333333,0.268884462938946,1.23968982696118,0.040297985100745,0.0503724813759312,0.273974,1,316,22,3,2,1,0.0129870129870130,0.0158730158730159,3
"52963",52963,"RPS19","101","R","H","R101H","P39019","VAR_018445","-","Diamond-Blackfan anemia 1 (DBA1) [MIM:105650]         ",0.5,0.368057694480725,0.5,0.353248544985729,1.41543399710309,0.0629468526573671,0.0678838607089253,0.6397416,1,145,6,2,1,1,0.333333333333333,0.352564102564103,2
"53301",53301,"RUNX2","225","R","L","R225L","Q13950","VAR_064102","-","Cleidocranial dysplasia (CLCD) [MIM:119600]          ",0.2,0.18249126845705,0.2,0.173757738681625,1.15102787085909,0.0435478226088696,0.0528324647597407,0.5229113,1,521,89,5,4,1,2.04781567693005e-06,3.83317332738611e-06,5
"53509",53509,"RYR2","176","R","Q","R176Q","Q92736","VAR_044087","-","Arrhythmogenic right ventricular dysplasia, familial, 2 (ARVD2) [MIM:600996]      ",0.0188679245283019,0.0182629512012482,0.0188679245283019,0.0182236107541113,1.03535598860644,0.0470976451177441,0.0539660516974151,0.9994008,1,4967,959,52,5,1,2.64063813016334e-84,1.45235097158984e-82,43
"53510",53510,"RYR2","176","R","Q","R176Q","Q92736","VAR_044087","-","Ventricular tachycardia, catecholaminergic polymorphic, 1, with or without atrial dysfunction and/or dilated cardiomyopathy (CPVT1)",0.0188679245283019,0.0182629512012482,0.0188679245283019,0.0182236107541113,1.03535598860644,0.0470976451177441,0.0539660516974151,0.9994008,1,4967,959,52,5,1,2.64063813016334e-84,1.45235097158984e-82,43
"54778",54778,"SEPN1","463","G","V","G463V","Q9NZV5","VAR_058462","-","Rigid spine muscular dystrophy 1 (RSMD1) [MIM:602771]       ",1,0,1,0,Inf,0.00759962001899905,0.0481669464913851,1,1,590,40,1,1,1,1,1,1
"55103",55103,"SETBP1","868","D","N","D868N","Q9Y6X0","VAR_063807","-","Leukemia, chronic myeloid, atypical (ACML) [MIM:608232]        ",0.0714285714285714,0.0691703298715174,0.0714285714285714,0.0671618552187853,1.06352886167136,0.0365481725913704,0.0490280364030579,0.9835128,1,1596,214,12,3,1,1.44302800957774e-17,6.10511850205969e-17,14
"55104",55104,"SETBP1","868","D","N","D868N","Q9Y6X0","VAR_063807","-","Leukemia, juvenile myelomonocytic (JMML) [MIM:607785]         ",0.0714285714285714,0.0691703298715174,0.0714285714285714,0.0671618552187853,1.06352886167136,0.0365481725913704,0.0490280364030579,0.9835128,1,1596,214,12,3,1,1.44302800957774e-17,6.10511850205969e-17,14
"55105",55105,"SETBP1","868","D","N","D868N","Q9Y6X0","VAR_063807","-","Myelodysplastic syndrome (MDS) [MIM:614286]          ",0.0714285714285714,0.0691703298715174,0.0714285714285714,0.0671618552187853,1.06352886167136,0.0365481725913704,0.0490280364030579,0.9835128,1,1596,214,12,3,1,1.44302800957774e-17,6.10511850205969e-17,14
"55106",55106,"SETBP1","868","D","N","D868N","Q9Y6X0","VAR_063807","-","Schinzel-Giedion midface retraction syndrome (SGMFS) [MIM:269150]        ",0.0714285714285714,0.0691703298715174,0.0714285714285714,0.0671618552187853,1.06352886167136,0.0365481725913704,0.0490280364030579,0.9835128,1,1596,214,12,3,1,1.44302800957774e-17,6.10511850205969e-17,14
"56334",56334,"SLC22A5","257","R","W","R257W","O76082","VAR_064132","-","Systemic primary carnitine deficiency (CDSP) [MIM:212140]        ",1,0,1,0,Inf,0.00924953752312384,0.0481669464913851,0.9450693,1,557,32,1,2,1,1,1,1
"57043",57043,"SLC4A11","489","S","L","S489L","Q8NBS3","VAR_030663","-","Corneal dystrophy, endothelial 2, autosomal recessive (CHED2) [MIM:217700]      ",0.166666666666667,0.151547737418665,0.166666666666667,0.152296676296445,1.09435524608725,0.0307484625768712,0.0490280364030579,0.9681444,1,891,84,6,1,1,1.9435076737457e-07,3.95899711318568e-07,6
"57598",57598,"SMAD4","361","R","C","R361C","Q13485","VAR_019572","rs80338963","Juvenile polyposis syndrome (JPS) [MIM:174900]         ",0.2,0.125481694504241,0.2,0.124388232692777,1.6078691341646,0.00819959002049898,0.0481669464913851,0.005331123,1,552,135,9,2,1,4.06335312201581e-12,1.24492837113824e-11,9
"58193",58193,"SOS1","433","E","K","E433K","Q07889","VAR_030429","-","Noonan syndrome 4 (NS4) [MIM:610733]         ",0.125,0.116575401346936,0.125,0.113106335114542,1.10515471899442,0.0271486425678716,0.0481669464913851,0.8664193,1,1333,149,8,8,1,2.85322366398220e-11,7.84636507595106e-11,7
"59185",59185,"STK11","194","D","N","D194N","Q15831","VAR_007921","-","Peutz-Jeghers syndrome (PJS) [MIM:175200]          ",0.333333333333333,0.266113665845662,0.333333333333333,0.265720501962007,1.25445093951010,0.0305484725763712,0.0490280364030579,0.7719169,1,433,85,3,2,1,0.000840336134453783,0.00132052821128452,1
"60888",60888,"TGFBR2","460","R","C","R460C","P37173","VAR_029760","-","Loeys-Dietz syndrome 2B (LDS2B) [MIM:610380]         ",0.0769230769230769,0.0747977353272532,0.0769230769230769,0.0748533442237866,1.02765050407237,0.0859957002149893,0.089240820977819,0.001259789,0.5400488,567,103,11,4,1,4.66274055780502e-13,1.60281706674547e-12,12
"62017",62017,"TNFRSF1A","79","T","M","T79M","P19438","VAR_013412","-","Familial hibernian fever (FHF) [MIM:142680]         ",0.5,0.355840726481136,0.5,0.359684755199776,1.39010617706689,0.0214489275536223,0.0481669464913851,1,1,455,38,2,2,1,0.0526315789473684,0.0590762620837809,2
"62341",62341,"TP53","138","A","P","A138P","P04637","VAR_005881","rs28934875","Li-Fraumeni syndrome (LFS) [MIM:151623]          ",0.00315457413249211,0.0032443022801894,0.482649842271293,0.028752955387514,16.7860950558454,0,0,2.220446e-16,3.807459e-13,393,287,128,44,33,6.30890221046847e-48,8.67474053939415e-47,276
"62354",62354,"TP53","151","P","S","P151S","P04637","VAR_005895","rs28934874","Li-Fraumeni syndrome (LFS) [MIM:151623]          ",0.0157728706624606,0.0070485579594129,0.482649842271293,0.028752955387514,16.7860950558454,0,0,2.220446e-16,3.807459e-13,393,287,128,44,33,6.30890221046847e-48,8.67474053939415e-47,276
"62355",62355,"TP53","151","P","T","P151T","P04637","VAR_005896","-","Li-Fraumeni syndrome (LFS) [MIM:151623]          ",0.0157728706624606,0.0070485579594129,0.482649842271293,0.028752955387514,16.7860950558454,0,0,2.220446e-16,3.807459e-13,393,287,128,44,33,6.30890221046847e-48,8.67474053939415e-47,276
"62356",62356,"TP53","152","P","L","P152L","P04637","VAR_005897","-","Li-Fraumeni syndrome (LFS) [MIM:151623]          ",0.00630914826498423,0.00454476769367165,0.482649842271293,0.028752955387514,16.7860950558454,0,0,2.220446e-16,3.807459e-13,393,287,128,44,33,6.30890221046847e-48,8.67474053939415e-47,276
"62365",62365,"TP53","158","R","G","R158G","P04637","VAR_005906","-","Li-Fraumeni syndrome (LFS) [MIM:151623]          ",0.00630914826498423,0.00458099432319787,0.482649842271293,0.028752955387514,16.7860950558454,0,0,2.220446e-16,3.807459e-13,393,287,128,44,33,6.30890221046847e-48,8.67474053939415e-47,276
"62366",62366,"TP53","158","R","H","R158H","P04637","VAR_005907","-","Li-Fraumeni syndrome (LFS) [MIM:151623]          ",0.00630914826498423,0.00458099432319787,0.482649842271293,0.028752955387514,16.7860950558454,0,0,2.220446e-16,3.807459e-13,393,287,128,44,33,6.30890221046847e-48,8.67474053939415e-47,276
"62385",62385,"TP53","173","V","M","V173M","P04637","VAR_005926","-","Li-Fraumeni syndrome (LFS) [MIM:151623]          ",0.0220820189274448,0.00802560891874374,0.482649842271293,0.028752955387514,16.7860950558454,0,0,2.220446e-16,3.807459e-13,393,287,128,44,33,6.30890221046847e-48,8.67474053939415e-47,276
"62388",62388,"TP53","175","R","G","R175G","P04637","VAR_005929","-","Li-Fraumeni syndrome (LFS) [MIM:151623]          ",0.0347003154574132,0.0109052809546565,0.482649842271293,0.028752955387514,16.7860950558454,0,0,2.220446e-16,3.807459e-13,393,287,128,44,33,6.30890221046847e-48,8.67474053939415e-47,276
"62389",62389,"TP53","175","R","L","R175L","P04637","VAR_005930","-","Li-Fraumeni syndrome (LFS) [MIM:151623]          ",0.0347003154574132,0.0109052809546565,0.482649842271293,0.028752955387514,16.7860950558454,0,0,2.220446e-16,3.807459e-13,393,287,128,44,33,6.30890221046847e-48,8.67474053939415e-47,276
"62391",62391,"TP53","175","R","H","R175H","P04637","VAR_005932","rs28934578","Li-Fraumeni syndrome (LFS) [MIM:151623]          ",0.0347003154574132,0.0109052809546565,0.482649842271293,0.028752955387514,16.7860950558454,0,0,2.220446e-16,3.807459e-13,393,287,128,44,33,6.30890221046847e-48,8.67474053939415e-47,276
"62406",62406,"TP53","193","H","R","H193R","P04637","VAR_005948","-","Li-Fraumeni syndrome (LFS) [MIM:151623]          ",0.0220820189274448,0.00843689535289211,0.482649842271293,0.028752955387514,16.7860950558454,0,0,2.220446e-16,3.807459e-13,393,287,128,44,33,6.30890221046847e-48,8.67474053939415e-47,276
"62413",62413,"TP53","213","R","Q","R213Q","P04637","VAR_005955","-","Li-Fraumeni syndrome (LFS) [MIM:151623]          ",0.0347003154574132,0.0108412697991505,0.482649842271293,0.028752955387514,16.7860950558454,0,0,2.220446e-16,3.807459e-13,393,287,128,44,33,6.30890221046847e-48,8.67474053939415e-47,276
"62415",62415,"TP53","220","Y","C","Y220C","P04637","VAR_005957","-","Li-Fraumeni syndrome (LFS) [MIM:151623]          ",0.0126182965299685,0.0062252259901189,0.482649842271293,0.028752955387514,16.7860950558454,0,0,2.220446e-16,3.807459e-13,393,287,128,44,33,6.30890221046847e-48,8.67474053939415e-47,276
"62421",62421,"TP53","234","Y","C","Y234C","P04637","VAR_005963","-","Li-Fraumeni syndrome (LFS) [MIM:151623]          ",0.00630914826498423,0.00435689805523835,0.482649842271293,0.028752955387514,16.7860950558454,0,0,2.220446e-16,3.807459e-13,393,287,128,44,33,6.30890221046847e-48,8.67474053939415e-47,276
"62423",62423,"TP53","237","M","I","M237I","P04637","VAR_005965","-","Li-Fraumeni syndrome (LFS) [MIM:151623]          ",0.00946372239747634,0.00561910049817501,0.482649842271293,0.028752955387514,16.7860950558454,0,0,2.220446e-16,3.807459e-13,393,287,128,44,33,6.30890221046847e-48,8.67474053939415e-47,276
"62430",62430,"TP53","245","G","C","G245C","P04637","VAR_005972","-","Li-Fraumeni syndrome (LFS) [MIM:151623]          ",0.028391167192429,0.00930334215635997,0.482649842271293,0.028752955387514,16.7860950558454,0,0,2.220446e-16,3.807459e-13,393,287,128,44,33,6.30890221046847e-48,8.67474053939415e-47,276
"62431",62431,"TP53","245","G","D","G245D","P04637","VAR_005973","-","Li-Fraumeni syndrome (LFS) [MIM:151623]          ",0.028391167192429,0.00930334215635997,0.482649842271293,0.028752955387514,16.7860950558454,0,0,2.220446e-16,3.807459e-13,393,287,128,44,33,6.30890221046847e-48,8.67474053939415e-47,276
"62432",62432,"TP53","245","G","S","G245S","P04637","VAR_005974","rs28934575","Li-Fraumeni syndrome (LFS) [MIM:151623]          ",0.028391167192429,0.00930334215635997,0.482649842271293,0.028752955387514,16.7860950558454,0,0,2.220446e-16,3.807459e-13,393,287,128,44,33,6.30890221046847e-48,8.67474053939415e-47,276
"62433",62433,"TP53","245","G","V","G245V","P04637","VAR_005975","-","Li-Fraumeni syndrome (LFS) [MIM:151623]          ",0.028391167192429,0.00930334215635997,0.482649842271293,0.028752955387514,16.7860950558454,0,0,2.220446e-16,3.807459e-13,393,287,128,44,33,6.30890221046847e-48,8.67474053939415e-47,276
"62440",62440,"TP53","248","R","Q","R248Q","P04637","VAR_005983","rs11540652","Li-Fraumeni syndrome (LFS) [MIM:151623]          ",0.0441640378548896,0.0114440365601241,0.482649842271293,0.028752955387514,16.7860950558454,0,0,2.220446e-16,3.807459e-13,393,287,128,44,33,6.30890221046847e-48,8.67474053939415e-47,276
"62441",62441,"TP53","248","R","W","R248W","P04637","VAR_005984","-","Li-Fraumeni syndrome (LFS) [MIM:151623]          ",0.0441640378548896,0.0114440365601241,0.482649842271293,0.028752955387514,16.7860950558454,0,0,2.220446e-16,3.807459e-13,393,287,128,44,33,6.30890221046847e-48,8.67474053939415e-47,276
"62448",62448,"TP53","258","E","K","E258K","P04637","VAR_005991","-","Li-Fraumeni syndrome (LFS) [MIM:151623]          ",0.00630914826498423,0.00440046909224068,0.482649842271293,0.028752955387514,16.7860950558454,0,0,2.220446e-16,3.807459e-13,393,287,128,44,33,6.30890221046847e-48,8.67474053939415e-47,276
"62449",62449,"TP53","272","V","L","V272L","P04637","VAR_005992","-","Li-Fraumeni syndrome (LFS) [MIM:151623]          ",0.00315457413249211,0.00307688459541716,0.482649842271293,0.028752955387514,16.7860950558454,0,0,2.220446e-16,3.807459e-13,393,287,128,44,33,6.30890221046847e-48,8.67474053939415e-47,276
"62450",62450,"TP53","273","R","C","R273C","P04637","VAR_005993","-","Li-Fraumeni syndrome (LFS) [MIM:151623]          ",0.0410094637223975,0.0113633902865437,0.482649842271293,0.028752955387514,16.7860950558454,0,0,2.220446e-16,3.807459e-13,393,287,128,44,33,6.30890221046847e-48,8.67474053939415e-47,276
"62452",62452,"TP53","273","R","H","R273H","P04637","VAR_005995","rs28934576","Li-Fraumeni syndrome (LFS) [MIM:151623]          ",0.0410094637223975,0.0113633902865437,0.482649842271293,0.028752955387514,16.7860950558454,0,0,2.220446e-16,3.807459e-13,393,287,128,44,33,6.30890221046847e-48,8.67474053939415e-47,276
"62454",62454,"TP53","275","C","Y","C275Y","P04637","VAR_005998","-","Li-Fraumeni syndrome (LFS) [MIM:151623]          ",0.00946372239747634,0.00530663207374075,0.482649842271293,0.028752955387514,16.7860950558454,0,0,2.220446e-16,3.807459e-13,393,287,128,44,33,6.30890221046847e-48,8.67474053939415e-47,276
"62459",62459,"TP53","278","P","L","P278L","P04637","VAR_006003","-","Li-Fraumeni syndrome (LFS) [MIM:151623]          ",0.0157728706624606,0.00719295695331489,0.482649842271293,0.028752955387514,16.7860950558454,0,0,2.220446e-16,3.807459e-13,393,287,128,44,33,6.30890221046847e-48,8.67474053939415e-47,276
"62460",62460,"TP53","278","P","S","P278S","P04637","VAR_006004","-","Li-Fraumeni syndrome (LFS) [MIM:151623]          ",0.0157728706624606,0.00719295695331489,0.482649842271293,0.028752955387514,16.7860950558454,0,0,2.220446e-16,3.807459e-13,393,287,128,44,33,6.30890221046847e-48,8.67474053939415e-47,276
"62461",62461,"TP53","278","P","T","P278T","P04637","VAR_006005","-","Li-Fraumeni syndrome (LFS) [MIM:151623]          ",0.0157728706624606,0.00719295695331489,0.482649842271293,0.028752955387514,16.7860950558454,0,0,2.220446e-16,3.807459e-13,393,287,128,44,33,6.30890221046847e-48,8.67474053939415e-47,276
"62472",62472,"TP53","282","R","W","R282W","P04637","VAR_006016","rs28934574","Li-Fraumeni syndrome (LFS) [MIM:151623]          ",0.0378548895899054,0.0102293316057390,0.482649842271293,0.028752955387514,16.7860950558454,0,0,2.220446e-16,3.807459e-13,393,287,128,44,33,6.30890221046847e-48,8.67474053939415e-47,276
"62482",62482,"TP53","286","E","A","E286A","P04637","VAR_006026","-","Li-Fraumeni syndrome (LFS) [MIM:151623]          ",0.00946372239747634,0.00544722955385806,0.482649842271293,0.028752955387514,16.7860950558454,0,0,2.220446e-16,3.807459e-13,393,287,128,44,33,6.30890221046847e-48,8.67474053939415e-47,276
"62497",62497,"TP53","337","R","C","R337C","P04637","VAR_006041","-","Li-Fraumeni syndrome (LFS) [MIM:151623]          ",0.00630914826498423,0.00455151348376147,0.482649842271293,0.028752955387514,16.7860950558454,0,0,2.220446e-16,3.807459e-13,393,287,128,44,33,6.30890221046847e-48,8.67474053939415e-47,276
"62507",62507,"TP53","163","Y","C","Y163C","P04637","VAR_033035","-","Li-Fraumeni syndrome (LFS) [MIM:151623]          ",0.00630914826498423,0.00443291829587186,0.482649842271293,0.028752955387514,16.7860950558454,0,0,2.220446e-16,3.807459e-13,393,287,128,44,33,6.30890221046847e-48,8.67474053939415e-47,276
"62512",62512,"TP53","337","R","H","R337H","P04637","VAR_035016","-","Li-Fraumeni syndrome (LFS) [MIM:151623]          ",0.00630914826498423,0.00455151348376147,0.482649842271293,0.028752955387514,16.7860950558454,0,0,2.220446e-16,3.807459e-13,393,287,128,44,33,6.30890221046847e-48,8.67474053939415e-47,276
"62515",62515,"TP53","213","R","P","R213P","P04637","VAR_036506","-","Li-Fraumeni syndrome (LFS) [MIM:151623]          ",0.0347003154574132,0.0108412697991505,0.482649842271293,0.028752955387514,16.7860950558454,0,0,2.220446e-16,3.807459e-13,393,287,128,44,33,6.30890221046847e-48,8.67474053939415e-47,276
"62518",62518,"TP53","273","R","L","R273L","P04637","VAR_036509","-","Li-Fraumeni syndrome (LFS) [MIM:151623]          ",0.0410094637223975,0.0113633902865437,0.482649842271293,0.028752955387514,16.7860950558454,0,0,2.220446e-16,3.807459e-13,393,287,128,44,33,6.30890221046847e-48,8.67474053939415e-47,276
"62638",62638,"TP53","105","G","C","G105C","P04637","VAR_044661","-","Li-Fraumeni syndrome (LFS) [MIM:151623]          ",0.00315457413249211,0.00327753797187260,0.482649842271293,0.028752955387514,16.7860950558454,0,0,2.220446e-16,3.807459e-13,393,287,128,44,33,6.30890221046847e-48,8.67474053939415e-47,276
"62717",62717,"TP53","132","K","E","K132E","P04637","VAR_044740","-","Li-Fraumeni syndrome (LFS) [MIM:151623]          ",0.00315457413249211,0.00324680675828251,0.482649842271293,0.028752955387514,16.7860950558454,0,0,2.220446e-16,3.807459e-13,393,287,128,44,33,6.30890221046847e-48,8.67474053939415e-47,276
"62767",62767,"TP53","144","Q","L","Q144L","P04637","VAR_044790","-","Li-Fraumeni syndrome (LFS) [MIM:151623]          ",0.00630914826498423,0.00453494101747749,0.482649842271293,0.028752955387514,16.7860950558454,0,0,2.220446e-16,3.807459e-13,393,287,128,44,33,6.30890221046847e-48,8.67474053939415e-47,276
"62818",62818,"TP53","156","R","H","R156H","P04637","VAR_044841","-","Li-Fraumeni syndrome (LFS) [MIM:151623]          ",0.00315457413249211,0.00326776127809882,0.482649842271293,0.028752955387514,16.7860950558454,0,0,2.220446e-16,3.807459e-13,393,287,128,44,33,6.30890221046847e-48,8.67474053939415e-47,276
"62883",62883,"TP53","172","V","F","V172F","P04637","VAR_044906","-","Li-Fraumeni syndrome (LFS) [MIM:151623]          ",0.00315457413249211,0.00315400411038995,0.482649842271293,0.028752955387514,16.7860950558454,0,0,2.220446e-16,3.807459e-13,393,287,128,44,33,6.30890221046847e-48,8.67474053939415e-47,276
"62916",62916,"TP53","179","H","Y","H179Y","P04637","VAR_044939","-","Li-Fraumeni syndrome (LFS) [MIM:151623]          ",0.028391167192429,0.00920017996695457,0.482649842271293,0.028752955387514,16.7860950558454,0,0,2.220446e-16,3.807459e-13,393,287,128,44,33,6.30890221046847e-48,8.67474053939415e-47,276
"62984",62984,"TP53","196","R","P","R196P","P04637","VAR_045007","-","Li-Fraumeni syndrome (LFS) [MIM:151623]          ",0.0252365930599369,0.00895423077010272,0.482649842271293,0.028752955387514,16.7860950558454,0,0,2.220446e-16,3.807459e-13,393,287,128,44,33,6.30890221046847e-48,8.67474053939415e-47,276
"63166",63166,"TP53","236","Y","C","Y236C","P04637","VAR_045189","-","Li-Fraumeni syndrome (LFS) [MIM:151623]          ",0.0126182965299685,0.00605484577597867,0.482649842271293,0.028752955387514,16.7860950558454,0,0,2.220446e-16,3.807459e-13,393,287,128,44,33,6.30890221046847e-48,8.67474053939415e-47,276
"63177",63177,"TP53","238","C","G","C238G","P04637","VAR_045200","-","Li-Fraumeni syndrome (LFS) [MIM:151623]          ",0.00946372239747634,0.0054700549974044,0.482649842271293,0.028752955387514,16.7860950558454,0,0,2.220446e-16,3.807459e-13,393,287,128,44,33,6.30890221046847e-48,8.67474053939415e-47,276
"63179",63179,"TP53","238","C","S","C238S","P04637","VAR_045202","-","Li-Fraumeni syndrome (LFS) [MIM:151623]          ",0.00946372239747634,0.0054700549974044,0.482649842271293,0.028752955387514,16.7860950558454,0,0,2.220446e-16,3.807459e-13,393,287,128,44,33,6.30890221046847e-48,8.67474053939415e-47,276
"63298",63298,"TP53","265","L","P","L265P","P04637","VAR_045321","-","Li-Fraumeni syndrome (LFS) [MIM:151623]          ",0.00315457413249211,0.0031383887064048,0.482649842271293,0.028752955387514,16.7860950558454,0,0,2.220446e-16,3.807459e-13,393,287,128,44,33,6.30890221046847e-48,8.67474053939415e-47,276
"63307",63307,"TP53","267","R","Q","R267Q","P04637","VAR_045330","-","Li-Fraumeni syndrome (LFS) [MIM:151623]          ",0.00315457413249211,0.00325098885725576,0.482649842271293,0.028752955387514,16.7860950558454,0,0,2.220446e-16,3.807459e-13,393,287,128,44,33,6.30890221046847e-48,8.67474053939415e-47,276
"63361",63361,"TP53","282","R","G","R282G","P04637","VAR_045384","-","Li-Fraumeni syndrome (LFS) [MIM:151623]          ",0.0378548895899054,0.0102293316057390,0.482649842271293,0.028752955387514,16.7860950558454,0,0,2.220446e-16,3.807459e-13,393,287,128,44,33,6.30890221046847e-48,8.67474053939415e-47,276
